v 0 0 0 0 0 0 0 0 0 0 0 0 0 0 0 0 0 0 0 0 0 0 0 0
c 0 0 0
s 4
t 12
v 0 6 0 0 0 7 12 0 0 0 7 12 0 0 14 0 6 0 0 14
c 0 1 1
s 0
t 0
v 0 6 0 0 0 7 0 6 11 0 7 11 11 0 7 11 0 0 0 7
c 1 0 1
s 0
t 0
v 12 0 0 0 7 11 0 0 0 7 11 11 0 7 12 11 0 7
c 1 0 1
s 0
t 0
v 12 11 0 7 12 11 14 12 0 0 14 12 0 0 0 7
c 0 0 1
s 0
t 0
v 12 0 4 14 12 0 4 0 7 0 6 0 4 0 7 0 6 0 4 14
c 1 0 0
s 0
t 0
v 0 6 0 4 14 0 7 0 4 14 0 7 0 0 14 0 6 0 0 14
c 0 0 0
s 0
t 0
v 0 6 0 0 13 0 6 0 0 14 0 6 0 4 14 0 6 0 4 13
c 0 1 0
s 0
t 0
v 11 0 4 14 12 0 4 14 12 0 0 14 11 0 0 14
c 0 1 0
s 0
t 0
v 0 6 0 0 0 7 0 6 0 4 0 7 0 6 0 4 0 8 0 6 0 0 0 8
c 0 0 0
s 0
t 0
v 11 0 0 14 11 0 0 13 11 0 4 14 11 0 4 13
c 0 0 0
s 0
t 0
v 11 0 4 14 11 0 4 13 11 0 0 13 11 0 0 14
c 0 0 0
s 0
t 0
v 0 6 0 0 0 8 0 7 0 0 0 8 0 7 0 4 0 8 0 6 0 4 0 8
c 0 1 0
s 0
t 0
v 0 0 0 0 0 0 0 0 0 0 0 0 0 0 0 0 0 0 0 0 0 0 0 0
c 0 0 0
s 1
t 62
v 0 0 0 0 0 0 0 0 0 0 0 0 0 0 0 0 0 0 0 0 0 0 0 0
c 0 0 0
s 1
t 0
v 0 6 0 0 0 7 12 0 0 0 7 12 0 0 14 0 6 0 0 14
c 0 1 1
s 4983309
t 1919251566
v 0 6 0 0 0 7 0 6 11 0 7 11 11 0 7 11 0 0 0 7
c 1 0 1
s 7332616
t 7332616
v 12 0 0 0 7 11 0 0 0 7 11 11 0 7 12 11 0 7
c 1 0 1
s 642
t 0
v 12 11 0 7 12 11 14 12 0 0 14 12 0 0 0 7
c 0 0 1
s 7332616
t 1994286909
v 12 0 4 14 12 0 4 0 7 0 6 0 4 0 7 0 6 0 4 14
c 1 0 0
s 0
t 1993964224
v 0 6 0 4 14 0 7 0 4 14 0 7 0 0 14 0 6 0 0 14
c 0 0 0
s 642
t 2
v 0 6 0 0 13 0 6 0 0 14 0 6 0 4 14 0 6 0 4 13
c 0 1 0
s 20103424
t 0
v 11 0 4 14 12 0 4 14 12 0 0 14 11 0 0 14
c 0 1 0
s 0
t 0
v 0 6 0 0 0 7 0 6 0 4 0 7 0 6 0 4 0 8 0 6 0 0 0 8
c 0 0 0
s 460704
t 0
v 11 0 0 14 11 0 0 13 11 0 4 14 11 0 4 13
c 0 0 0
s 0
t 0
v 11 0 4 14 11 0 4 13 11 0 0 13 11 0 0 14
c 0 0 0
s 460706
t 15711160
v 0 6 0 0 0 8 0 7 0 0 0 8 0 7 0 4 0 8 0 6 0 4 0 8
c 0 1 0
s 2
t 0
v 0 6 0 0 0 8 0 7 0 0 0 8 0 7 0 4 0 8 0 6 0 4 0 8
c 0 1 0
s 7333284
t 0
v 0 6 0 0 0 7 0 6 11 0 7 0 1 0 0 0 1 0 1 0 0 0 1
c 1 1 0
s 0
t 0
v 0 0 0 0 18 0 1 0 0 18 0 1 0 0 19 0 0 0 0 19
c 0 1 0
s 0
t 0
v 12 0 0 14 12 11 14 18 0 0 18 18 0 0 18
c 1 1 0
s 0
t 0
v 0 0 0 0 17 0 2 0 0 17 0 2 0 0 18 0 0 0 0 18
c 0 1 0
s 0
t 0
v 0 2 0 0 18 0 2 0 0 19 0 1 0 0 19 0 1 0 0 18
c 0 1 0
s 0
t 0
v 0 1 0 0 0 1 0 2 0 0 0 2 0 1 0 0 0 2 0 1 0 0 0 2
c 0 1 1
s 0
t 0
v 0 2 0 0 0 2 0 3 0 0 0 3 0 2 0 0 0 3 0 2 0 0 0 3
c 0 1 1
s 0
t 0
v 0 3 0 0 0 3 0 4 0 0 0 4 0 3 0 0 0 4 0 3 0 0 0 4
c 0 1 1
s 0
t 0
v 18 0 0 18 17 0 0 17 17 0 0 18 17 0 0 18
c 0 1 1
s 0
t 0
v 17 0 0 17 16 0 0 16 16 0 0 17 16 0 0 17
c 0 1 1
s 0
t 0
v 14 0 0 16 15 0 0 16 14 0 0 15 15 0 0 17
c 0 1 1
s 0
t 0
v 15 0 0 17 16 0 0 17 15 0 0 16 16 0 0 16
c 0 1 1
s 0
t 0
v 0 6 0 0 14 0 5 0 0 13 0 4 0 0 12 0 6 0 0 12
c 0 0 0
s 0
t 0
v 0 6 0 0 14 0 6 0 0 0 7 0 6 0 0 10 0 3 0 0 10
c 0 0 1
s 0
t 0
v 0 6 0 0 14 12 0 0 14 0 9 0 0 18 0 6 0 0 14
c 1 0 1
s 0
t 0
v 0 0 0 0 16 0 3 0 0 16 0 3 0 0 17 0 0 0 0 17
c 1 0 0
s 0
t 0
v 0 2 0 0 17 0 3 0 0 17 0 3 0 0 19 0 2 0 0 19
c 1 0 0
s 0
t 0
v 0 4 0 0 19 0 4 0 0 15 0 3 0 0 15 0 3 0 0 19
c 1 1 0
s 0
t 0
v 0 3 0 0 15 0 3 0 0 16 0 0 0 0 16 0 0 0 0 15
c 1 1 0
s 0
t 0
v 0 0 0 0 15 0 0 0 0 14 0 5 0 0 14 0 5 0 0 15
c 1 0 0
s 0
t 0
v 0 5 0 0 15 0 5 0 0 19 0 4 0 0 19 0 4 0 0 15
c 1 0 0
s 0
t 0
v 0 6 0 0 19 0 5 0 0 19 0 5 0 0 14 0 6 0 0 14
c 1 1 0
s 0
t 0
v 0 5 0 0 14 0 5 0 0 13 0 0 0 0 13 0 0 0 0 14
c 1 1 0
s 0
t 0
v 0 6 0 0 14 0 5 0 0 13 0 5 0 0 14 0 5 0 0 14
c 1 1 0
s 0
t 0
v 0 7 0 0 19 0 7 0 0 15 0 6 0 0 15 0 6 0 0 19
c 1 1 0
s 0
t 0
v 0 0 0 0 13 0 0 0 0 12 0 4 0 0 12 0 4 0 0 13
c 1 1 0
s 0
t 0
v 0 5 0 0 13 0 4 0 0 12 0 4 0 0 13 0 4 0 0 13
c 1 1 0
s 0
t 0
v 0 7 0 0 15 0 6 0 0 14 0 6 0 0 15 0 6 0 0 15
c 1 1 0
s 0
t 0
v 0 8 0 0 19 0 8 0 0 17 0 7 0 0 17 0 7 0 0 19
c 1 0 0
s 0
t 0
v 0 7 0 0 17 0 7 0 0 16 0 8 0 0 16 0 8 0 0 17
c 1 0 0
s 0
t 0
v 0 8 0 0 16 0 7 0 0 15 0 7 0 0 16 0 7 0 0 16
c 1 0 0
s 0
t 0
v 0 0 0 0 12 0 0 0 0 11 0 4 0 0 11 0 4 0 0 12
c 1 0 0
s 0
t 0
v 0 0 0 0 10 0 0 0 0 11 0 4 0 0 11 0 4 0 0 10
c 1 1 0
s 0
t 0
v 0 9 0 0 19 0 9 0 0 17 0 8 0 0 17 0 8 0 0 19
c 1 1 0
s 0
t 0
v 0 8 0 0 17 0 8 0 0 16 0 9 0 0 16 0 9 0 0 17
c 1 1 0
s 0
t 0
v 0 9 0 0 19 10 0 0 19 10 0 0 17 0 9 0 0 17
c 1 1 0
s 0
t 0
v 0 0 0 0 10 0 0 0 0 0 9 0 4 0 0 0 9 0 4 0 0 10
c 1 1 0
s 0
t 0
v 0 0 0 0 0 9 0 0 0 0 0 8 0 4 0 0 0 8 0 4 0 0 0 9
c 1 0 0
s 0
t 0
v 0 5 0 0 0 8 0 4 0 0 0 9 0 4 0 0 0 8 0 4 0 0 0 8
c 1 0 0
s 0
t 0
v 0 0 0 0 0 7 0 0 0 0 0 8 0 6 0 0 0 7 0 6 0 0 0 8
c 1 0 0
s 0
t 0
v 0 6 0 0 0 7 0 0 0 0 0 7 0 0 0 0 0 8 0 6 0 0 0 8
c 1 0 0
s 0
t 0
v 12 0 0 19 12 0 0 14 11 0 0 14 11 0 0 19
c 1 0 0
s 0
t 0
v 10 0 0 19 11 0 0 19 11 0 0 16 10 0 0 16
c 1 0 0
s 0
t 0
v 11 0 0 16 11 0 0 15 10 0 0 16 10 0 0 16
c 1 0 0
s 0
t 0
v 12 11 14 12 11 0 7 12 19 0 7 12 19 0 7
c 0 0 1
s 0
t 0
v 0 6 11 0 7 12 11 0 7 12 19 0 7 12 19 0 7
c 1 0 1
s 0
t 0
v 12 19 0 7 0 6 11 0 7 12 11 0 7 12 11 14
c 0 1 1
s 0
t 0
v 12 11 14 12 11 14 12 11 14 12 11 14
c 0 0 0
s 0
t 0
v 0 0 0 0 0 0 0 0 0 0 0 0 0 0 0 0 0 0 0 0 0 0 0 0
c 0 0 0
s 1
t 62
v 0 0 0 0 0 0 0 0 0 0 0 0 0 0 0 0 0 0 0 0 0 0 0 0
c 0 0 0
s 1
t 0
v 0 6 0 0 0 7 12 0 0 0 7 12 0 0 14 0 6 0 0 14
c 0 1 1
s 4983309
t 1919251566
v 0 6 0 0 0 7 0 6 11 0 7 11 11 0 7 11 0 0 0 7
c 1 0 1
s 7332616
t 7332616
v 12 0 0 0 7 11 0 0 0 7 11 11 0 7 12 11 0 7
c 1 0 1
s 642
t 0
v 12 11 0 7 12 11 14 12 0 0 14 12 0 0 0 7
c 0 0 1
s 7332616
t 1994286909
v 12 0 4 14 12 0 4 0 7 0 6 0 4 0 7 0 6 0 4 14
c 1 0 0
s 0
t 1993964224
v 0 6 0 4 14 0 7 0 4 14 0 7 0 0 14 0 6 0 0 14
c 0 0 0
s 642
t 2
v 0 6 0 0 13 0 6 0 0 14 0 6 0 4 14 0 6 0 4 13
c 0 1 0
s 20103424
t 0
v 11 0 4 14 12 0 4 14 12 0 0 14 11 0 0 14
c 0 1 0
s 0
t 0
v 0 6 0 0 0 7 0 6 0 4 0 7 0 6 0 4 0 8 0 6 0 0 0 8
c 0 0 0
s 460704
t 0
v 11 0 0 14 11 0 0 13 11 0 4 14 11 0 4 13
c 0 0 0
s 0
t 0
v 11 0 4 14 11 0 4 13 11 0 0 13 11 0 0 14
c 0 0 0
s 460706
t 15711160
v 0 6 0 0 0 8 0 7 0 0 0 8 0 7 0 4 0 8 0 6 0 4 0 8
c 0 1 0
s 2
t 0
v 0 6 0 0 0 8 0 7 0 0 0 8 0 7 0 4 0 8 0 6 0 4 0 8
c 0 1 0
s 7333284
t 0
v 0 6 0 0 0 7 0 6 11 0 7 0 1 0 0 0 1 0 1 0 0 0 1
c 1 1 0
s 0
t 0
v 0 0 0 0 18 0 1 0 0 18 0 1 0 0 19 0 0 0 0 19
c 0 1 0
s 0
t 0
v 12 0 0 14 12 11 14 18 0 0 18 18 0 0 18
c 1 1 0
s 0
t 0
v 0 0 0 0 17 0 2 0 0 17 0 2 0 0 18 0 0 0 0 18
c 0 1 0
s 0
t 0
v 0 2 0 0 18 0 2 0 0 19 0 1 0 0 19 0 1 0 0 18
c 0 1 0
s 0
t 0
v 0 1 0 0 0 1 0 2 0 0 0 2 0 1 0 0 0 2 0 1 0 0 0 2
c 0 1 1
s 0
t 0
v 0 2 0 0 0 2 0 3 0 0 0 3 0 2 0 0 0 3 0 2 0 0 0 3
c 0 1 1
s 0
t 0
v 0 3 0 0 0 3 0 4 0 0 0 4 0 3 0 0 0 4 0 3 0 0 0 4
c 0 1 1
s 0
t 0
v 18 0 0 18 17 0 0 17 17 0 0 18 17 0 0 18
c 0 1 1
s 0
t 0
v 17 0 0 17 16 0 0 16 16 0 0 17 16 0 0 17
c 0 1 1
s 0
t 0
v 14 0 0 16 15 0 0 16 14 0 0 15 15 0 0 17
c 0 1 1
s 0
t 0
v 15 0 0 17 16 0 0 17 15 0 0 16 16 0 0 16
c 0 1 1
s 0
t 0
v 0 6 0 0 14 0 5 0 0 13 0 4 0 0 12 0 6 0 0 12
c 0 0 0
s 0
t 0
v 0 6 0 0 14 0 6 0 0 0 7 0 6 0 0 10 0 3 0 0 10
c 0 0 1
s 0
t 0
v 0 6 0 0 14 12 0 0 14 0 9 0 0 18 0 6 0 0 14
c 1 0 1
s 0
t 0
v 0 0 0 0 16 0 3 0 0 16 0 3 0 0 17 0 0 0 0 17
c 1 0 0
s 0
t 0
v 0 2 0 0 17 0 3 0 0 17 0 3 0 0 19 0 2 0 0 19
c 1 0 0
s 0
t 0
v 0 4 0 0 19 0 4 0 0 15 0 3 0 0 15 0 3 0 0 19
c 1 1 0
s 0
t 0
v 0 3 0 0 15 0 3 0 0 16 0 0 0 0 16 0 0 0 0 15
c 1 1 0
s 0
t 0
v 0 0 0 0 15 0 0 0 0 14 0 5 0 0 14 0 5 0 0 15
c 1 0 0
s 0
t 0
v 0 5 0 0 15 0 5 0 0 19 0 4 0 0 19 0 4 0 0 15
c 1 0 0
s 0
t 0
v 0 6 0 0 19 0 5 0 0 19 0 5 0 0 14 0 6 0 0 14
c 1 1 0
s 0
t 0
v 0 5 0 0 14 0 5 0 0 13 0 0 0 0 13 0 0 0 0 14
c 1 1 0
s 0
t 0
v 0 6 0 0 14 0 5 0 0 13 0 5 0 0 14 0 5 0 0 14
c 1 1 0
s 0
t 0
v 0 7 0 0 19 0 7 0 0 15 0 6 0 0 15 0 6 0 0 19
c 1 1 0
s 0
t 0
v 0 0 0 0 13 0 0 0 0 12 0 4 0 0 12 0 4 0 0 13
c 1 1 0
s 0
t 0
v 0 5 0 0 13 0 4 0 0 12 0 4 0 0 13 0 4 0 0 13
c 1 1 0
s 0
t 0
v 0 7 0 0 15 0 6 0 0 14 0 6 0 0 15 0 6 0 0 15
c 1 1 0
s 0
t 0
v 0 8 0 0 19 0 8 0 0 17 0 7 0 0 17 0 7 0 0 19
c 1 0 0
s 0
t 0
v 0 7 0 0 17 0 7 0 0 16 0 8 0 0 16 0 8 0 0 17
c 1 0 0
s 0
t 0
v 0 8 0 0 16 0 7 0 0 15 0 7 0 0 16 0 7 0 0 16
c 1 0 0
s 0
t 0
v 0 0 0 0 12 0 0 0 0 11 0 4 0 0 11 0 4 0 0 12
c 1 0 0
s 0
t 0
v 0 0 0 0 10 0 0 0 0 11 0 4 0 0 11 0 4 0 0 10
c 1 1 0
s 0
t 0
v 0 9 0 0 19 0 9 0 0 17 0 8 0 0 17 0 8 0 0 19
c 1 1 0
s 0
t 0
v 0 8 0 0 17 0 8 0 0 16 0 9 0 0 16 0 9 0 0 17
c 1 1 0
s 0
t 0
v 0 9 0 0 19 10 0 0 19 10 0 0 17 0 9 0 0 17
c 1 1 0
s 0
t 0
v 0 0 0 0 10 0 0 0 0 0 9 0 4 0 0 0 9 0 4 0 0 10
c 1 1 0
s 0
t 0
v 0 0 0 0 0 9 0 0 0 0 0 8 0 4 0 0 0 8 0 4 0 0 0 9
c 1 0 0
s 0
t 0
v 0 5 0 0 0 8 0 4 0 0 0 9 0 4 0 0 0 8 0 4 0 0 0 8
c 1 0 0
s 0
t 0
v 0 0 0 0 0 7 0 0 0 0 0 8 0 6 0 0 0 7 0 6 0 0 0 8
c 1 0 0
s 0
t 0
v 0 6 0 0 0 7 0 0 0 0 0 7 0 0 0 0 0 8 0 6 0 0 0 8
c 1 0 0
s 0
t 0
v 12 0 0 19 12 0 0 14 11 0 0 14 11 0 0 19
c 1 0 0
s 0
t 0
v 10 0 0 19 11 0 0 19 11 0 0 16 10 0 0 16
c 1 0 0
s 0
t 0
v 11 0 0 16 11 0 0 15 10 0 0 16 10 0 0 16
c 1 0 0
s 0
t 0
v 12 11 14 12 11 0 7 12 19 0 7 12 19 0 7
c 0 0 1
s 0
t 0
v 0 6 11 0 7 12 11 0 7 12 19 0 7 12 19 0 7
c 1 0 1
s 0
t 0
v 12 19 0 7 0 6 11 0 7 12 11 0 7 12 11 14
c 0 1 1
s 0
t 0
v 12 11 14 12 11 14 12 11 14 12 11 14
c 0 0 0
s 0
t 0
