v 0 0 0 0 0 0 0 0 0 0 0 0 0 0 0 0 0 0 0 0 0 0 0 0
c 0 0 0
s 4
t 61
v 0 0 0 0 19 0 0 0 0 0 0 0 1 0 0 0 0 0 1 0 0 19
c 0 1 0
s 0
t 0
v 0 1 0 0 0 0 19 0 0 0 0 19 0 0 0 1 0 1 0 0 0 1
c 0 1 0
s 0
t 0
v 19 0 0 0 1 18 0 0 0 1 18 0 0 19 19 0 0 19
c 0 1 0
s 0
t 0
v 18 0 0 18 0 1 0 0 18 0 1 0 0 19 18 0 0 19
c 0 1 0
s 0
t 0
v 0 8 0 0 18 11 0 0 18 11 0 1 18 0 8 0 1 18
c 1 0 0
s 0
t 0
v 0 8 0 1 18 0 8 0 1 17 11 0 1 17 11 0 1 18
c 0 0 0
s 0
t 0
v 11 0 1 17 0 8 0 1 17 0 8 0 2 17 11 0 2 17
c 1 0 0
s 0
t 0
v 11 0 2 17 0 8 0 2 17 0 8 0 2 16 11 0 2 16
c 0 0 0
s 0
t 0
v 0 8 0 2 16 0 8 0 0 16 0 8 0 0 17 0 8 0 2 17
c 0 0 1
s 0
t 0
v 0 8 0 0 18 0 8 0 0 17 0 8 0 1 17 0 8 0 1 18
c 0 0 1
s 0
t 0
v 0 1 0 0 18 0 1 0 2 18 0 2 0 2 18 0 2 0 0 18
c 0 0 1
s 0
t 0
v 0 3 0 0 18 0 3 0 2 18 0 4 0 2 18 0 4 0 0 18
c 0 0 1
s 0
t 0
v 0 5 0 0 18 0 5 0 2 18 0 6 0 2 18 0 6 0 0 18
c 0 0 1
s 0
t 0
v 0 7 0 0 18 0 7 0 2 18 0 8 0 2 18 0 8 0 0 18
c 0 0 1
s 0
t 0
v 0 1 0 0 17 0 1 0 2 17 0 1 0 2 16 0 1 0 0 16
c 0 0 1
s 0
t 0
v 0 1 0 0 15 0 1 0 2 15 0 1 0 2 14 0 1 0 0 14
c 0 0 1
s 0
t 0
v 0 1 0 0 13 0 1 0 2 13 0 1 0 2 12 0 1 0 0 12
c 0 0 1
s 0
t 0
v 0 1 0 0 11 0 1 0 2 11 0 1 0 2 10 0 1 0 0 10
c 0 0 1
s 0
t 0
v 0 1 0 0 0 9 0 1 0 2 0 9 0 1 0 2 0 8 0 1 0 0 0 8
c 0 0 1
s 0
t 0
v 0 1 0 0 0 7 0 1 0 2 0 7 0 1 0 2 0 6 0 1 0 0 0 6
c 0 0 1
s 0
t 0
v 0 1 0 0 0 5 0 1 0 2 0 5 0 1 0 2 0 4 0 1 0 0 0 4
c 0 0 1
s 0
t 0
v 0 1 0 0 0 3 0 1 0 2 0 3 0 1 0 2 0 2 0 1 0 0 0 2
c 0 0 1
s 0
t 0
v 11 0 0 18 11 0 0 17 11 0 1 17 11 0 1 18
c 0 0 1
s 0
t 0
v 11 0 2 17 11 0 2 16 11 0 0 16 11 0 0 17
c 0 0 1
s 0
t 0
v 11 0 0 18 11 0 2 18 12 0 2 18 12 0 0 18
c 0 0 1
s 0
t 0
v 13 0 0 18 13 0 2 18 14 0 2 18 14 0 0 18
c 0 0 1
s 0
t 0
v 15 0 0 18 15 0 2 18 16 0 2 18 16 0 0 18
c 0 0 1
s 0
t 0
v 17 0 0 18 17 0 2 18 18 0 2 18 18 0 0 18
c 0 0 1
s 0
t 0
v 0 2 0 0 16 0 2 0 2 16 0 8 0 2 16 0 8 0 0 16
c 1 0 1
s 0
t 0
v 11 0 0 16 11 0 2 16 18 0 2 16 18 0 0 16
c 1 0 1
s 0
t 0
v 0 2 0 0 16 0 2 0 2 16 0 2 0 2 0 3 0 2 0 0 0 3
c 1 1 0
s 0
t 0
v 0 2 0 0 0 3 0 2 0 2 0 3 0 2 0 2 0 1 0 2 0 0 0 1
c 1 1 0
s 0
t 0
v 0 2 0 0 0 1 0 2 0 8 0 1 18 0 0 0 1 18 0 6 0 1
c 1 0 0
s 0
t 0
v 18 0 0 0 1 0 2 0 0 0 1 0 2 0 5 0 1 18 0 5 0 1
c 1 0 0
s 0
t 0
v 18 0 6 0 1 18 0 8 0 1 0 2 0 8 0 1 0 2 0 6 0 1
c 1 0 0
s 0
t 0
v 18 0 8 0 1 18 0 0 0 1 18 0 0 16 18 0 8 16
c 0 1 1
s 0
t 0
v 11 0 2 16 11 0 4 16 13 0 4 16 13 0 2 16
c 1 0 1
s 0
t 0
v 16 0 2 16 16 0 4 16 18 0 4 16 18 0 2 16
c 1 0 1
s 0
t 0
v 18 0 4 16 18 0 6 16 16 0 6 16 16 0 4 16
c 1 1 0
s 0
t 0
v 16 0 5 16 16 0 6 16 13 0 6 16 13 0 5 16
c 1 1 0
s 0
t 0
v 13 0 4 16 13 0 6 16 11 0 6 16 11 0 4 16
c 1 1 0
s 0
t 0
v 11 0 6 16 11 0 8 16 18 0 8 16 18 0 6 16
c 1 1 0
s 0
t 0
v 11 0 6 16 0 8 0 6 16 0 8 0 8 16 11 0 8 16
c 1 1 0
s 0
t 0
v 0 8 0 2 16 0 8 0 8 16 0 7 0 8 16 0 7 0 2 16
c 1 0 1
s 0
t 0
v 0 2 0 2 16 0 2 0 4 16 0 7 0 4 16 0 7 0 2 16
c 1 0 1
s 0
t 0
v 0 7 0 4 16 0 7 0 8 16 0 2 0 8 16 0 2 0 4 16
c 1 1 0
s 0
t 0
v 0 2 0 2 16 0 2 0 4 16 0 2 0 4 0 1 0 2 0 2 0 1
c 1 1 0
s 0
t 0
v 0 2 0 8 16 0 2 0 8 0 1 0 2 0 4 0 1 0 2 0 4 16
c 1 0 1
s 0
t 0
v 0 1 0 2 18 0 1 0 3 18 0 2 0 3 18 0 2 0 2 18
c 0 1 0
s 0
t 0
v 0 2 0 2 18 0 8 0 2 18 0 8 0 3 18 0 2 0 3 18
c 0 1 0
s 0
t 0
v 0 1 0 2 18 0 1 0 2 0 2 0 1 0 3 0 2 0 1 0 3 18
c 0 1 0
s 0
t 0
v 11 0 2 18 11 0 3 18 18 0 3 18 18 0 2 18
c 0 1 0
s 0
t 0
v 0 2 0 8 16 0 2 0 8 15 18 0 8 15 18 0 8 16
c 0 0 1
s 0
t 0
v 17 0 8 15 18 0 8 15 18 0 8 0 1 17 0 8 0 1
c 0 0 1
s 0
t 0
v 0 3 0 8 15 0 2 0 8 15 0 2 0 8 0 1 0 3 0 8 0 1
c 0 0 1
s 0
t 0
v 0 3 0 8 0 1 0 3 0 8 0 2 17 0 8 0 2 17 0 8 0 1
c 0 0 1
s 0
t 0
v 18 0 0 16 18 0 0 0 1 0 2 0 0 0 1 0 2 0 0 16
c 0 1 0
s 0
t 0
v 11 0 6 16 0 8 0 6 16 0 8 0 2 16 11 0 2 16
c 0 1 0
s 0
t 0
v 0 2 0 2 0 1 0 1 0 2 0 1 0 1 0 3 0 1 0 2 0 3 0 1
c 0 1 0
s 0
t 0
v 0 1 0 3 0 1 0 1 0 3 0 2 0 1 0 2 0 2 0 1 0 2 0 1
c 0 1 0
s 0
t 0
v 18 0 2 18 18 0 2 16 18 0 3 16 18 0 3 18
c 0 1 0
s 0
t 0
