v 0 3 0 0 0 4 0 9 0 0 0 4 0 9 0 0 14 0 3 0 0 14
c 0 0 0
s 4
t 20
v 0 3 0 0 0 5 11 0 0 0 5 11 0 0 16 0 3 0 0 16
c 0 1 1
s 0
t 0
v 0 3 0 0 0 5 0 3 0 7 0 5 10 0 7 0 5 10 0 0 0 5
c 1 0 0
s 0
t 0
v 11 0 0 0 5 10 0 0 0 5 10 0 7 0 5 11 0 7 0 5
c 1 0 0
s 0
t 0
v 0 3 0 7 0 5 0 3 0 7 0 2 0 3 0 0 0 2 0 3 0 0 0 5
c 0 1 0
s 0
t 0
v 0 3 0 0 0 5 0 1 0 0 0 5 0 1 0 0 0 3 0 3 0 0 0 3
c 0 0 1
s 0
t 0
v 11 0 7 0 5 11 0 7 15 11 0 0 15 11 0 0 0 5
c 1 1 0
s 0
t 0
v 11 0 0 15 11 0 0 16 11 0 7 16 11 0 7 15
c 1 1 0
s 0
t 0
v 11 0 7 16 11 0 7 0 5 15 0 7 0 5 15 0 7 14
c 1 0 1
s 0
t 0
v 15 0 7 14 11 0 7 14 11 0 7 16 15 0 7 16
c 1 0 1
s 0
t 0
v 0 3 0 0 16 0 1 0 0 16 0 1 0 0 0 5 0 3 0 0 0 5
c 0 0 1
s 0
t 0
v 0 3 0 0 0 3 0 3 0 0 0 2 0 1 0 0 0 2 0 1 0 0 0 3
c 0 0 1
s 0
t 0
v 0 3 0 0 16 0 3 0 6 16 0 5 0 6 16 0 5 0 0 16
c 0 1 0
s 0
t 0
v 0 5 0 4 16 0 8 0 4 16 0 8 0 6 16 0 5 0 6 16
c 0 1 0
s 0
t 0
v 0 8 0 6 16 11 0 6 16 11 0 0 16 0 9 0 0 16
c 0 1 0
s 0
t 0
v 10 0 0 16 10 0 6 16 0 8 0 6 16 0 8 0 0 16
c 0 1 0
s 0
t 0
v 0 3 0 6 16 0 3 0 6 0 5 0 3 0 5 0 5 0 3 0 5 16
c 0 0 1
s 0
t 0
v 0 3 0 4 16 0 3 0 6 0 5 0 3 0 7 0 5 0 3 0 5 16
c 0 0 1
s 0
t 0
v 0 3 0 6 16 0 3 0 7 16 11 0 7 16 11 0 6 16
c 0 1 0
s 0
t 0
v 0 3 0 6 16 0 3 0 6 0 5 0 3 0 7 0 5 0 3 0 7 16
c 0 0 1
s 0
t 0
v 0 3 0 7 16 0 3 0 5 0 5 0 3 0 4 0 5 0 3 0 6 16
c 0 0 1
s 0
t 0
