v 0 4 0 0 13 0 4 0 0 0 6 13 0 0 0 6 13 0 0 14
c 0 0 0
s 4
t 14
v 0 5 0 0 14 0 5 0 0 0 6 12 0 0 0 6 12 0 0 13
c 1 0 0
s 0
t 0
v 12 0 0 14 12 0 0 13 0 5 0 0 13 0 5 0 0 14
c 1 0 0
s 0
t 0
v 0 5 0 0 14 12 0 0 14 0 8 0 8 10 0 8 0 8 10
c 1 0 1
s 0
t 0
v 0 5 0 0 0 6 12 0 0 0 6 0 8 0 8 10 0 5 0 0 0 6
c 1 0 1
s 0
t 0
v 0 5 0 0 14 0 8 0 8 10 0 5 0 0 0 6 12 0 0 0 6
c 0 1 1
s 0
t 0
v 12 0 0 0 6 12 0 0 14 0 8 0 8 10 0 8 0 8 10
c 0 1 1
s 0
t 0
v 0 2 0 2 16 0 5 0 0 14 0 5 0 0 0 6 0 8 0 8 10
c 0 1 1
s 0
t 0
v 0 2 0 0 17 0 0 0 0 17 0 1 0 3 18 0 1 0 3 18
c 1 0 0
s 0
t 0
v 0 2 0 0 17 0 2 0 0 19 0 1 0 3 18 0 1 0 3 18
c 0 0 1
s 0
t 0
v 0 0 0 0 17 0 0 0 0 19 0 1 0 3 18 0 2 0 0 19
c 0 0 1
s 0
t 0
v 0 0 0 0 19 0 0 0 0 17 0 2 0 0 17 0 2 0 0 19
c 0 0 1
s 0
t 0
v 17 0 0 17 19 0 0 17 18 0 4 18 19 0 0 17
c 0 0 0
s 0
t 0
v 19 0 0 17 17 0 0 17 18 0 4 18 19 0 0 17
c 1 1 0
s 0
t 0
v 19 0 0 19 18 0 4 18 19 0 0 19 19 0 0 17
c 1 0 0
s 0
t 0
v 0 4 0 0 13 0 4 0 0 0 6 13 0 0 0 6 13 0 0 14
c 0 0 0
s 4
t 20
v 0 5 0 0 14 0 5 0 0 0 6 12 0 0 0 6 12 0 0 13
c 1 0 0
s 0
t 0
v 12 0 0 14 12 0 0 13 0 5 0 0 13 0 5 0 0 14
c 1 0 0
s 0
t 0
v 0 5 0 0 14 12 0 0 14 0 8 0 8 10 0 8 0 8 10
c 1 0 1
s 0
t 0
v 0 5 0 0 0 6 12 0 0 0 6 0 8 0 8 10 0 5 0 0 0 6
c 1 0 1
s 0
t 0
v 0 5 0 0 14 0 8 0 8 10 0 5 0 0 0 6 12 0 0 0 6
c 0 1 1
s 0
t 0
v 12 0 0 0 6 12 0 0 14 0 8 0 8 10 0 8 0 8 10
c 0 1 1
s 0
t 0
v 0 2 0 2 16 0 5 0 0 14 0 5 0 0 0 6 0 8 0 8 10
c 0 1 1
s 0
t 0
v 0 2 0 0 17 0 0 0 0 17 0 1 0 3 18 0 1 0 3 18
c 1 0 0
s 0
t 0
v 0 2 0 0 17 0 2 0 0 19 0 1 0 3 18 0 1 0 3 18
c 0 0 1
s 0
t 0
v 0 0 0 0 17 0 0 0 0 19 0 1 0 3 18 0 2 0 0 19
c 0 0 1
s 0
t 0
v 0 0 0 0 19 0 0 0 0 17 0 2 0 0 17 0 2 0 0 19
c 0 0 1
s 0
t 0
v 17 0 0 17 19 0 0 17 18 0 4 18 19 0 0 17
c 0 0 0
s 0
t 0
v 19 0 0 17 17 0 0 17 18 0 4 18 19 0 0 17
c 1 1 0
s 0
t 0
v 19 0 0 19 18 0 4 18 19 0 0 19 19 0 0 17
c 1 0 0
s 0
t 0
v 17 0 0 19 17 0 0 17 18 0 4 18 18 0 4 18
c 1 0 0
s 0
t 0
v 17 0 0 19 19 0 0 19 18 0 4 18 18 0 4 18
c 1 1 0
s 0
t 0
v 15 0 0 0 1 15 0 0 0 3 16 0 4 0 2 16 0 4 0 2
c 0 1 0
s 0
t 0
v 15 0 0 0 1 17 0 0 0 1 16 0 4 0 2 16 0 4 0 2
c 1 1 0
s 0
t 0
v 15 0 0 0 3 17 0 0 0 3 16 0 4 0 2 16 0 4 0 2
c 1 1 0
s 0
t 0
v 17 0 0 0 3 17 0 0 0 1 16 0 4 0 2 16 0 4 0 2
c 0 1 0
s 0
t 0
